0
1
2
6
7
8
13
16
23
27
29
36
41
50
59
63
64
69
72
77
78
85
91
99
104
105
111
113
118
121
125
128
131
132
136
140
141
143
147
149
150
156
165
167
171
175
177
181
183
185
190
192
197
199
204
206
211
214
218
220
225
227
232
234
239
241
246
248
253
260
267
274
281
288
295
302
309
316
323
330
337
344
351
358
365
366
367
370
371
372
373
378
379
380
381
384
385
386
387
388
389
390
390
392
393
395
397
399
400
403
404
404
406
407
410
411
413
414
417
420
421
425
427
428
431
432
436
437
438
439
441
442
445
446
448
449
453
455
456
461
462
462
465
466
467
470
471
472
475
476
477
478
479
482
483
484
485
486
489
490
491
492
493
496
497
498
499
500
503
504
506
507
510
511
513
514
517
518
520
521
524
525
527
528
532
534
535
538
539
541
542
545
546
548
552
553
555
556
559
561
562
563
566
567
569
570
573
574
576
577
580
581
583
584
587
588
590
591
594
595
597
601
602
603
604
605
608
609
610
611
612
615
616
617
618
619
622
623
624
625
626
629
630
631
632
633
636
637
638
639
640
643
644
645
652
659
666
673
680
687
694
709
729
736
750
