59
60
77
76
82
88
102
115
135
142
147
157
166
168
183
187
200
208
231
253
270
337
338
467
481
518
539
601
632
660
672
728
825
886
959
1011
1066
1076
1225
1346
1422
1546
2097
2288
2218
2453
2622
2803
2909
3083
3330
3431
3857
4024
4484
4546
4968
4912
4910
4941
4808
4950
5147
5165
5406
5444
5674
5987
6055
6373
6900
7573
7889
8220
8414
8626
8795
8966
9162
9365
9589
9792
9961
10179
10311
10338
10350
10398
10445
10445
10462
10573
10572
10584
10587
10604
10611
10689
10699
10702
10715
10808
10721
10820
10824
10842
10884
10890
10892
10895
11005
10980
11007
11007
11064
11065
11072
11074
11117
11122
11125
11134
11140
11142
11145
11147
11149
11149
11154
11158
11163
11163
11168
11169
11173
11178
11207
11217
11217
11220
11229
11220
11238
11245
11246
11246
11253
11253
11259
11261
11261
11261
11264
11268
11269
11269
11273
11274
11278
11279
11279
11280
11280
11281
11281
11281
11283
11283
11283
11283
11283
11284
11284
11284
11286
11286
11287
11287
11288
11288
11289
11290
11290
11290
11291
11291
11291
11291
11291
11293
11294
11295
11295
11296
11296
11296
11296
11296
11297
11297
11297
11297
11297
11297
11297
11298
11298
11298
11298
11298
11298
11298
11299
11299
11299
11299
11299
11299
11299
11299
11299
11299
11299
11299
11299
11299
11299
11299
11299
11299
11299
11299
11299
11300
11300
11300
11300
11300
11300
11300
11300
11300
11300
11300
11300
11300
11300
11300
11300
11300
11300
11300
11300
11300
11300
11300
11301
11301
11301
11301
11301
11301
11305
11308
11310

