86
86
117
120
130
135
169
179
224
230
242
234
244
245
270
271
309
354
438
476
508
528
599
759
779
844
888
964
1048
1093
1201
1322
1437
1617
1766
1835
1963
2115
2225
2458
2599
3052
3944
4269
4366
4963
5325
5843
6242
6553
7157
7470
8011
8376
8973
9191
9911
10114
13676
13540
13015
13241
14068
14383
15113
15319
15901
16899
17111
17908
18569
19463
20171
20712
21261
21689
22057
22460
22859
23218
23694
23934
24247
24666
24872
24927
24957
25030
25178
25178
25228
25516
25515
25532
25556
25591
25611
25791
25831
25855
25863
26044
25872
26074
26101
26159
26277
26290
26298
26339
26593
26536
26626
26648
26722
26724
26755
26763
26885
26971
26979
27013
27040
27055
27135
27145
27173
27189
27219
27237
27251
27275
27305
27309
27331
27352
27443
27467
24479
27505
27540
27514
27591
27564
27573
27573
27585
27600
27627
27642
27642
27643
27652
27698
27706
27705
27723
27724
27749
27750
27748
27836
27840
27860
27862
27862
27890
27895
27928
27929
27948
27948
27951
27952
27982
28000
28000
28005
28051
28055
28065
28073
28102
28103
28147
28160
28164
28212
28220
28245
28251
28280
28295
28319
28371
28388
28408
28412
28417
28421
28427
28429
28448
28454
28466
28468
28513
28476
28504
28511
28528
28539
28546
28547
28558
28571
28581
28586
28600
28599
28599
28599
28598
28598
28600
28598
28598
28598
28601
28601
28601
28601
28601
28601
28602
28602
28601
28601
28601
28601
28601
28603
28604
28604
28602
28601
28601
28601
28601
28601
28602
28601
28601
28601
28601
28601
28602
28603
28603
28603
28603
28603
28608
28610
28616
