59
60
66
70
80
83
95
101
122
129
136
146
155
157
174
174
186
193
215
236
241
264
270
303
305
307
309
304
310
314
319
339
346
358
367
373
377
380
394
396
406
430
517
555
557
595
601
632
635
648
710
739
768
778
843
862
904
926
997
1018
1041
1054
1142
1166
1192
1214
1260
1312
1327
1428
1525
1607
1708
1781
1814
1876
1910
1944
1995
2057
2091
2129
2170
2224
2263
2273
2276
2305
2314
2314
2320
2333
2333
2335
2337
2342
2346
2346
2348
2351
2357
2358
2358
2362
2365
2374
2377
2381
2383
2385
2386
2386
2387
2387
2391
2392
2399
2401
2405
2409
2412
2420
2423
2425
2428
2429
2431
2431
2435
2437
2440
2440
2443
2444
2445
2446
2473
2480
2480
2482
2490
2482
2492
2492
2499
2499
2505
2505
2506
2506
2506
2506
2509
2511
2512
2512
2516
2517
2519
2520
2520
2521
2521
2522
2522
2522
2524
2524
2524
2524
2524
2524
2524
2524
2526
2526
2527
2527
2528
2528
2528
2529
2529
2529
2530
2530
2530
2530
2530
2530
2531
2532
2532
2533
2533
2533
2533
2533
2534
2534
2534
2534
2534
2534
2534
2535
2535
2535
2535
2535
2535
2535
2536
2536
2536
2536
2536
2536
2536
2536
2536
2536
2536
2536
2536
2536
2536
2536
2536
2536
2536
2536
2536
2536
2536
2536
2536
2536
2536
2536
2536
2536
2536
2536
2536
2536
2536
2536
2536
2536
2536
2536
2536
2536
2536
2536
2536
2536
2536
2536
2536
2536
2540
2543
2544
