0
0
6
0
0
0
0
0
0
0
0
0
0
0
0
1
16
50
81
89
117
97
158
239
252
305
337
386
442
454
525
533
574
646
717
730
783
810
848
907
910
1026
1261
1361
1424
1620
1673
1813
1940
2021
2304
2437
2789
2950
3252
3410
3706
3896
5235
5338
4759
4862
5368
5586
6073
6190
6599
7109
7312
7897
8356
9004
9446
9780
10124
10340
10518
10740
10934
11103
11301
11466
11619
11751
11841
11866
11889
11943
11974
11974
12022
12139
12138
12155
12170
12188
12201
12201
12223
12244
12256
12267
12256
12294
12313
12362
12371
12387
12398
12426
12440
12440
12470
12492
12519
12523
12536
12540
12593
12656
12666
12706
12735
12745
12816
12827
12850
12859
12884
12901
12911
12932
12962
12965
12990
13012
13059
13083
13093
13115
13129
13119
13135
13150
13155
13155
13169
13177
13201
13209
13209
13209
13209
13241
13250
13250
13262
13264
13284
13291
13290
13379
13387
13402
13406
13406
13426
13428
13465
13470
13484
13485
13489
13494
13518
13533
13538
13541
13582
13586
13603
13609
13638
13639
13683
13697
13701
13747
13756
13573
13785
13811
13823
13846
13894
13911
13928
13931
13941
13945
13956
13957
13978
13982
13992
13992
13999
14001
14031
14038
14052
14061
14066
14067
14078
14089
14104
14109
14122
14122
14122
14122
14122
14122
14122
14122
14122
14122
14122
14122
14122
14122
14122
14122
14122
14122
14122
14122
14122
14122
14122
14122
14122
14122
14122
14122
14122
14122
14122
14122
14122
14122
14122
14122
14122
14122
14123
14124
14124
14124
14124
14124
14124
14124
14124
