0
0
8
8
8
8
18
22
27
27
34
13
13
12
12
12
12
13
13
15
15
33
51
107
115
131
142
172
196
224
249
329
391
486
554
599
670
786
834
972
1082
1378
1871
2046
2081
2407
2710
3022
3280
3458
3696
3834
3924
4076
4249
4262
4665
4665
6535
6535
6525
6619
6822
6878
7069
7082
7168
7635
7635
7719
7797
7862
8018
8157
8331
8478
8622
8745
8881
9007
9238
9249
9343
9526
9602
9602
9602
9602
9712
9712
9712
9862
9862
9862
9862
9862
9862
10042
10042
10042
10042
10212
10042
10212
10212
10212
10322
10322
10322
10322
10564
10507
10564
10564
10604
10604
10604
10604
10666
10666
10666
10666
10666
10666
10666
10666
10666
10666
10666
10666
10666
10666
10666
10666
10666
10666
10666
10666
10666
10666
10666
10666
10706
10670
10670
10670
10672
10672
10672
10673
10673
10672
10673
10673
10673
10672
10673
10673
10673
10673
10672
10672
10672
10672
10672
10672
10672
10672
10672
10672
10672
10672
10672
10672
10672
10672
10672
10672
10672
10672
10672
10672
10672
10672
10672
10672
10672
10672
10672
10672
10672
10672
10672
10672
10672
10672
10672
10672
10672
10672
10672
10672
10672
10672
10672
10672
10672
10672
10672
10672
10672
10672
10672
10672
10672
10672
10672
10672
10672
10672
10672
10672
10672
10672
10672
10672
10672
10672
10675
10675
10675
10675
10675
10675
10675
10675
10675
10675
10675
10675
10675
10675
10675
10675
10675
10675
10675
10675
10675
10675
10675
10675
10675
10675
10675
10675
10675
10675
10675
10675
10675
10675
10675
10675
10678
