86
86
103
112
122
127
151
157
197
203
208
221
231
233
258
258
281
291
344
372
376
398
390
413
412
408
409
406
410
415
427
460
472
485
495
506
510
519
543
579
607
648
812
862
861
936
942
1008
1022
1074
1157
1199
1298
1350
1472
1519
1540
1553
1906
1667
1731
1760
1878
1919
1971
2047
2134
2155
2164
2292
2416
2597
2707
2775
2806
2871
2917
2975
3044
3108
3155
3219
3285
3389
3429
3459
3466
3485
3492
3492
3494
3515
3515
3515
3524
3541
3548
3548
3566
3569
3565
3565
3565
3568
3576
3585
3584
3581
3578
3591
3589
3589
3592
3592
3599
3597
3615
3619
3626
3649
3647
3641
3639
3644
3653
3652
3657
3664
3669
3670
3674
3677
3677
3678
3675
3674
3718
3718
3720
3724
3745
3729
3750
3744
3748
3748
3744
3751
3754
3760
3760
3762
3770
3784
3783
3783
3788
3787
3792
3786
3786
3785
3781
3786
3784
3784
3792
3795
3791
3787
3792
3791
3790
3786
3792
3795
3790
3792
3797
3797
3790
3792
3792
3792
3792
3791
3791
3793
3792
3794
3794
3797
3800
3801
3805
3805
3808
3809
3804
3804
3799
3800
3798
3800
3802
3804
3806
3803
3801
3801
3804
3806
3808
3808
3808
3810
3805
3805
3806
3805
3805
3805
3404
3804
3806
3804
3804
3804
3804
3804
3804
3804
3804
3804
3805
3805
3804
3804
3804
3804
3804
3806
3807
3807
3805
3804
3804
3804
3804
3804
3805
3804
3804
3804
3804
3804
3804
3804
3804
3804
3804
3804
3809
3811
3814
