0
0
6
6
2
5
7
14
13
13
11
11
11
11
9
9
9
9
9
10
10
24
34
65
75
84
88
105
116
127
129
156
227
255
294
323
355
348
466
576
624
694
1089
1224
1137
1296
1459
1578
1677
1830
1998
2069
2210
2316
2458
2484
2705
2705
2413
2413
2697
2766
2836
2812
2964
2963
3016
3145
3145
3177
3290
3384
3423
3496
3538
3605
3686
3746
3826
3900
4037
4117
4162
4264
4301
4301
4301
4301
4332
4332
4332
4408
4408
4408
4408
4408
4408
4486
4486
4486
4486
4573
4486
4573
4573
4573
4608
4608
4608
4608
4716
4691
4716
4716
4769
4769
4769
4769
4806
4806
4806
4806
4806
4806
4806
4806
4806
4806
4806
4806
4806
4806
4806
4806
4806
4806
4806
4806
4806
4806
4806
4806
4811
4807
4807
4807
4807
4807
4807
4808
4808
4808
4808
4808
4808
4808
4808
4808
4808
4808
4808
4808
4808
4808
4808
4808
4808
4808
4808
4808
4808
4808
4808
4808
4808
4808
4808
4808
4808
4808
4808
4808
4808
4808
4808
4808
4808
4808
4808
4808
4808
4808
4808
4808
4808
4808
4808
4808
4808
4808
4808
4808
4808
4808
4808
4808
4808
4808
4808
4808
4808
4808
4808
4808
4808
4808
4808
4808
4808
4808
4808
4808
4808
4808
4808
4808
4808
4808
4808
4808
4808
4808
4808
4809
4809
4809
4809
4809
4809
4809
4809
4809
4809
4809
4809
4809
4809
4809
4809
4809
4809
4809
4809
4809
4809
4809
4809
4809
4809
4809
4809
4809
4809
4809
4810
