0
0
5
0
0
0
0
0
0
0
0
0
0
0
0
4
5
6
7
7
19
49
34
99
101
127
142
192
206
219
224
233
252
273
298
315
334
348
365
374
392
422
491
509
524
562
562
593
597
605
622
623
879
930
1183
1200
1359
1281
1500
1510
1070
1130
1169
1187
1250
1267
1398
1530
1583
1768
2085
2582
2758
2943
3062
3145
3199
3276
3341
3408
3461
3546
3629
3691
3747
3764
3773
3792
3799
3799
3810
3832
3831
3841
3842
3854
3857
3857
3865
3865
3872
3877
3877
3885
3886
3895
3899
3901
3901
3902
3903
3903
3904
3904
3904
3904
3904
3904
3906
3907
3907
3908
3911
3911
3911
3912
3912
3912
3913
3915
3917
3917
3919
3919
3922
3926
3928
3931
3931
3932
3933
3932
3935
3940
3940
3940
3941
3941
3946
3947
3947
3947
3947
3949
3949
3949
3949
3949
3951
3951
3951
3951
3951
3951
3951
3951
3951
3951
3951
3951
3951
3952
3952
3952
3952
3952
3952
3952
3952
3952
3953
3953
3953
3953
3953
3953
3953
3953
3953
3955
3955
3955
3955
3955
3955
3955
3955
3955
3955
3955
3955
3955
3955
3955
3955
3955
3955
3955
3955
3955
3955
3955
3955
3955
3955
3955
3955
3955
3955
3955
3955
3955
3955
3955
3955
3955
3955
3955
3955
3955
3955
3955
3955
3955
3955
3955
3955
3955
3955
3955
3955
3955
3955
3955
3955
3955
3955
3955
3955
3955
3955
3955
3955
3955
3955
3955
3956
3956
3956
3956
3956
3956
3956
3956
3956
